1512734130924001598000000
1527878130924002491000000
1593939130923001154000000
1551931130924001159000000
1511728130923001151000000
1530378130921002493000000
1561405130924001155000000
1595675130925001155000000
1569430130925001156000000
1544374130923001159000000
1563014130922000695000000
1525944131021001158000000
1582867130923001153000000
1576178130923001597000000
1520996130923001595000000
1567280130923001153000000
1517668130923000236000000
1545055130923000238000000
1589050130924000230000000
1578587130923001150000000
1538708131018000691000000
1579394130922001152000000
1512995130922001156000000
1542302130920001591000000
1552221130924001156000000
1557717130923001157000000
1543898130923001158000000
1531366130925001592000000
1572715130920001151000000
1543300130924000698000000
1517074130923002495000000
1564840130923002490000000
1519394130923001157000000
1530889130923001156000000
1572239130922001156000000
1546201130923001591000000
1574253130921001154000000
1510662130921001153000000
1545366130923001156000000
1574993130923001157000000
1565627130923001159000000
1544841130920001157000000
1519261130924000695000000
1581197130923001156000000
1533785130922001156000000
1554054130924000693000000
1540488130923001150000000
1561509130923001151000000
1558017130923001152000000
1555813130923001154000000
1524722130922001599000000
1587868130924001598000000
1562693130922002493000000
1584413130923002495000000
1531332130925000694000000
1545782130923000691000000
1561498130922001155000000
1574526130923001153000000
1574867130924001597000000
1593574130923000230000000
1573727130923002499000000
1521715130923001155000000
1517571130923001156000000
1565836130923001156000000
1515933130923001153000000
1551724130923001151000000
1555875130923001159000000
1526975130925000696000000
1591685130924001153000000
1554400130922001157000000
1530416130924001157000000
1542629130923001156000000
1594782130921001152000000
1561115130921001159000000
1520767130921001156000000
1559828130924002495000000
1577082130923001152000000
1588631130923002492000000
1578664130921000234000000
1550409130923000231000000
1510385130924001594000000
1564037130923001156000000
1581936130923001152000000
1518089130924001158000000
1560188130924001150000000
1511610130923001152000000
1511739130924001157000000
0000000000000000000000087
